ponto;0;1;2;3;4;5;6
0;0;2.6;129.2;2.8;2.7;129.2;2.9
1;2.6;0;3.7;129.2;3.8;129.2;129.2
2;129.2;3.7;0;129.2;6.6;5.6;129.2
3;2.8;129.2;129.2;0;6;6.2;6.1
4;2.7;3.8;6.6;6;0;6.8;129.2
5;129.2;129.2;5.6;6.2;6.8;0;8.8
6;2.9;129.2;129.2;6.1;129.2;8.8;0
